#depth_bins, scanet_mergedbins_dmin0.25_dmax10.00_dnum96_histThre879440_inv.txt
0.25
0.4788732394366198
0.5208333333333334
0.5515898767034393
0.575880758807588
0.5969101123595506
0.6137184115523465
0.6315007429420505
0.650344299923489
0.663544106167057
0.6772908366533864
0.6916192026037429
0.7065669160432253
0.7221750212404418
0.7302405498281787
0.7469244288224955
0.7555555555555555
0.764388489208633
0.7734303912647862
0.7826887661141805
0.7921714818266542
0.8018867924528302
0.8118433619866285
0.8220502901353964
0.8325171400587659
0.8432539682539684
0.8542713567839195
0.8655804480651731
0.8771929824561403
0.8891213389121339
0.9013785790031814
0.913978494623656
0.9269356597600872
0.9402654867256638
0.9539842873176207
0.9681093394077449
0.9826589595375723
0.9976525821596244
1.0131108462455305
1.0290556900726393
1.045510455104551
1.0625000000000002
1.08005082592122
1.0981912144702843
1.1169513797634691
1.1363636363636365
1.1564625850340138
1.1772853185595569
1.1988716502115655
1.2212643678160922
1.2445095168374818
1.2686567164179106
1.2937595129375954
1.3198757763975157
1.347068145800317
1.3754045307443366
1.4049586776859506
1.435810810810811
1.468048359240069
1.501766784452297
1.5370705244122966
1.5740740740740742
1.6129032258064517
1.6536964980544748
1.696606786427146
1.7418032786885247
1.7894736842105263
1.83982683982684
1.893095768374165
1.9495412844036697
2.0094562647754137
2.073170731707317
2.141057934508816
2.2135416666666665
2.2911051212938007
2.374301675977654
2.463768115942029
2.5602409638554215
2.6645768025078373
2.7777777777777777
2.9010238907849826
3.0357142857142856
3.1835205992509366
3.3464566929133857
3.526970954356846
3.728070175438597
3.9534883720930236
4.207920792079208
4.497354497354498
4.829545454545454
5.214723926380368
5.666666666666667
6.204379562043795
7.657657657657658
8.673469387755100
10.0
