#scene_name frame_idx (t), previous_frame_idx (t-2,t-1, etc), next_frame_idx (t+1,t+2)
scene0033_00 0 2 4 6 8
scene0033_00 4 6 8 10 12
scene0033_00 8 10 12 14 16
scene0033_00 12 14 16 18 20
scene0033_00 16 18 20 22 24
scene0033_00 20 22 24 26 28
scene0033_00 24 26 28 30 32
scene0033_00 28 30 32 34 36
scene0033_00 32 34 36 38 40
scene0033_00 36 38 40 42 44
scene0033_00 40 42 44 46 48
scene0033_00 44 46 48 50 52
scene0033_00 48 50 52 54 56
scene0033_00 52 54 56 58 60
scene0033_00 56 58 60 62 64
scene0033_00 60 62 64 66 68
scene0033_00 64 66 68 70 72
scene0033_00 68 70 72 74 76
scene0033_00 72 74 76 78 80
scene0033_00 76 78 80 82 84
scene0033_00 80 82 84 86 88
scene0033_00 84 86 88 90 92
scene0033_00 88 90 92 94 96
scene0033_00 92 94 96 98 100
scene0033_00 96 98 100 102 104
scene0033_00 100 102 104 106 108
scene0033_00 104 106 108 110 112
scene0033_00 108 110 112 114 116
scene0033_00 112 114 116 118 120
scene0033_00 116 118 120 122 124
scene0033_00 120 122 124 126 128
scene0033_00 124 126 128 130 132
scene0033_00 128 130 132 134 136
scene0033_00 132 134 136 138 140
scene0033_00 136 138 140 142 144
scene0033_00 140 142 144 146 148
scene0033_00 144 146 148 150 152
scene0033_00 148 150 152 154 156
scene0033_00 152 154 156 158 160
scene0033_00 156 158 160 162 164
scene0033_00 160 162 164 166 168
scene0033_00 164 166 168 170 172
scene0033_00 168 170 172 174 176
scene0033_00 172 174 176 178 180
scene0033_00 176 178 180 182 184
scene0033_00 180 182 184 186 188
scene0033_00 184 186 188 190 192
scene0033_00 188 190 192 194 196
scene0033_00 192 194 196 198 200
scene0033_00 196 198 200 202 204
scene0033_00 200 202 204 206 208
scene0033_00 204 206 208 210 212
scene0033_00 208 210 212 214 216
scene0033_00 212 214 216 218 220
scene0033_00 216 218 220 222 224
scene0033_00 220 222 224 226 228
scene0033_00 224 226 228 230 232
scene0033_00 228 230 232 234 236
scene0033_00 232 234 236 238 240
scene0033_00 236 238 240 242 244
scene0033_00 240 242 244 246 248
scene0033_00 244 246 248 250 252
scene0033_00 248 250 252 254 256
scene0033_00 252 254 256 258 260
scene0033_00 256 258 260 262 264
scene0033_00 260 262 264 266 268
scene0033_00 264 266 268 270 272
scene0033_00 268 270 272 274 276
scene0033_00 272 274 276 278 280
scene0033_00 276 278 280 282 284
scene0033_00 280 282 284 286 288
scene0033_00 284 286 288 290 292
scene0033_00 288 290 292 294 296
scene0033_00 292 294 296 298 300
scene0033_00 296 298 300 302 304
scene0033_00 300 302 304 306 308
scene0033_00 304 306 308 310 312
scene0033_00 308 310 312 314 316
scene0033_00 312 314 316 318 320
scene0033_00 316 318 320 322 324
scene0033_00 320 322 324 326 328
scene0033_00 324 326 328 330 332
scene0033_00 328 330 332 334 336
scene0033_00 332 334 336 338 340
scene0033_00 336 338 340 342 344
scene0033_00 340 342 344 346 348
scene0033_00 344 346 348 350 352
